0,511
0,510
0,509
0,508
72,3
72,2
72,1
72,0
0,507
0,506
0,505
71,3
71,2
71,1
71,0
0,504
0,503
0,502
0,501
0,500
0,499
0,498
70,3
70,2
0,497
70,1
70,0
69,3
69,2
69,1
69,0
68,3
68,2
68,1
68,0
67,3
67,2
67,1
67,0
0,496
0,495
0,494
66,4
66,3
66,2
66,1
66,0
0,493
0,492
0,491
0,490
0,489
0,488
0,487
0,486
0,485
65,3
65,2
65,1
65,0
0,484
64,4
64,3
64,2
64,1
64,0
0,483
0,482
0,481
0,480
0,479
0,478
0,477
0,476
0,475
0,474
0,473
0,472
0,471
0,243
0,470
0,469
0,468
0,467
0,466
63,3
63,2
0,465
63,1
63,0
0,464
62,3
62,2
62,1
62,0
61,3
61,2
61,1
61,0
60,3
60,2
60,1
60,0
59,3
59,2
59,1
59,0
58,3
58,2
0,463
58,1
58,0
0,462
0,461
0,460
0,459
0,458
0,457
0,456
0,455
0,454
0,453
0,452
0,451
0,450
0,449
57,3
57,2
0,448
57,1
